Run semi-empirical minimization
 &qmmm
    qm_theory='AM1', grms_tol=0.0005,
 scfconv=1.d-10, ndiis_attempts=700,   qmcharge=-1,
 /
   6    C1      -19.3320        4.9410        0.6240 
   6    C2      -19.0590        3.4740        0.8110 
   8    O3      -18.6130        3.0180        1.8600 
   7    N4      -19.3430        2.6960       -0.2840 
   6    C5      -19.1890        1.2370       -0.2540 
   6    C6      -18.8880        0.6990       -1.6620 
   6    C7      -17.6010        1.2560       -2.2890 
   6    C8      -16.3630        0.3720       -2.1340 
   6    C9      -15.9570        0.0830       -0.6920 
   7   N10      -14.6380       -0.5210       -0.6290 
   6   C11      -14.4250       -1.8440       -0.9560 
   8   O12      -15.3270       -2.6050       -1.2940 
   6   C13      -12.9600       -2.2330       -0.8990 
   6   C14      -12.6800       -3.7360       -1.0340 
   6   C15      -12.8580       -4.5750        0.2450 
   7   N16      -14.2690       -4.7720        0.6090 
   6   C17      -12.0700       -3.9810        1.4370 
   8   O18      -12.6200       -3.4510        2.4010 
   7   N19      -10.7000       -4.0880        1.3240 
   6   C20       -9.8150       -3.4320        2.2710 
   6   C21       -9.6390       -1.9470        1.9500 
   8   O22       -9.0040       -1.8230        0.6700 
   6   C23       -8.8090       -0.4570        0.3110 
   6   C24       -8.0430       -0.3840       -1.0090 
   8   O25       -7.7640        0.9620       -1.3970 
   6   C26       -6.6130        1.5150       -0.7770 
   6   C27       -5.2530        0.8770       -1.1200 
   8   O28       -5.0240        0.3120       -2.1860 
   7   N29       -4.3160        0.9860       -0.1090 
   6   C30       -3.0130        0.3550       -0.1850 
   6   C31       -1.8700        1.3660       -0.3400 
   8   O32       -0.6200        0.8360        0.1040 
   6   C33       -0.0440       -0.0950       -0.8150 
   6   C34        1.2240       -0.6780       -0.1910 
   8   O35        1.6590       -1.8470       -0.8910 
   6   C36        2.5320       -1.5620       -1.9870 
   6   C37        4.0110       -1.4860       -1.5850 
   8   O38        4.8650       -0.9920       -2.3130 
   7   N39        4.2650       -2.0580       -0.3550 
   6   C40        5.5240       -1.8670        0.3460 
   6   C41        5.4940       -0.6160        1.2350 
   8   O42        5.5040        0.5540        0.4140 
   6   C43        5.4650        1.7780        1.1510 
   6   C44        6.8140        2.1600        1.7730 
   8   O45        7.7780        2.6580        0.8440 
   6   C46        8.1830        1.7760       -0.1860 
   6   C47        8.8540        0.4350        0.1660 
   8   O48        8.8220       -0.0630        1.2920 
   6   C49        9.5140       -0.2890       -1.0030 
   6   C50       10.3600       -1.4910       -0.5740 
   6   C51       11.6360       -1.1190        0.1980 
   6   C52       12.9200       -1.1970       -0.6360 
   6   C53       13.0510       -0.1600       -1.7540 
   6   C54       13.0790        1.3020       -1.2970 
   6   C55       14.1660        1.6910       -0.2890 
   6   C56       15.5970        1.7080       -0.8400 
   6   C57       16.3460        0.3820       -0.6770 
   6   C58       17.8060        0.5220       -1.1170 
   6   C59       18.5640       -0.7980       -0.9710 
   6   C60       20.0180       -0.7220       -1.4550 
   6   C61       20.9000        0.3140       -0.7500 
   6   C62       21.0030        0.0920        0.7600 
   6   C63       22.0030        1.0300        1.4450 
   6   C64       21.5830        2.4960        1.4010 
   6   C65       22.4690        3.4540        2.2030 
   8   O66       23.5240        2.9710        2.6980 
   8   O67       22.0250        4.6380        2.2650 
   6   C68      -20.4820        0.6130        0.3290 
   8   O69      -21.1750       -0.1970       -0.2810 
   7   N70      -20.7700        1.0370        1.6150 
   6   C71      -21.8650        0.4930        2.3760 
   1   H72      -19.8270        5.3290        1.5200 
   1   H73      -18.3840        5.4640        0.4680 
   1   H74      -19.9860        5.1220       -0.2330 
   1   H75      -19.9760        3.0690       -0.9790 
   1   H76      -18.3730        0.9790        0.4290 
   1   H77      -19.7270        0.9720       -2.3170 
   1   H78      -18.8590       -0.3960       -1.6510 
   1   H79      -17.7780        1.3650       -3.3690 
   1   H80      -17.3810        2.2660       -1.9190 
   1   H81      -15.5310        0.8670       -2.6510 
   1   H82      -16.5270       -0.5730       -2.6670 
   1   H83      -15.9100        1.0060       -0.1060 
   1   H84      -16.6730       -0.6000       -0.2210 
   1   H85      -13.8510        0.0630       -0.3750 
   1   H86      -12.5120       -1.8260        0.0130 
   1   H87      -12.4790       -1.7250       -1.7460 
   1   H88      -11.6380       -3.8410       -1.3610 
   1   H89      -13.2890       -4.1650       -1.8400 
   1   H90      -12.4470       -5.5770        0.0590 
   1   H91      -14.7170       -3.8570        0.7260 
   1   H92      -14.3120       -5.1890        1.5400 
   1   H93      -10.3010       -4.3230        0.4240 
   1   H94      -10.2170       -3.5550        3.2830 
   1   H95       -8.8540       -3.9510        2.2050 
   1   H96       -9.0040       -1.4840        2.7150 
   1   H97      -10.6070       -1.4330        1.9290 
   1   H98       -9.7800        0.0410        0.2020 
   1   H99       -8.2600        0.0600        1.1040 
   1  H100       -7.1300       -0.9910       -0.9710 
   1  H101       -8.6640       -0.8290       -1.7970 
   1  H102       -6.7530        1.5220        0.3090 
   1  H103       -6.5500        2.5610       -1.0940 
   1  H104       -4.5710        1.4340        0.7630 
   1  H105       -2.9880       -0.3620       -1.0140 
   1  H106       -2.8840       -0.2240        0.7380 
   1  H107       -2.0730        2.2380        0.2930 
   1  H108       -1.7940        1.7360       -1.3720 
   1  H109        0.2020        0.4270       -1.7500 
   1  H110       -0.7470       -0.9020       -1.0490 
   1  H111        2.0190        0.0750       -0.1300 
   1  H112        1.0140       -0.9770        0.8410 
   1  H113        2.4340       -2.3830       -2.7030 
   1  H114        2.2440       -0.6300       -2.4880 
   1  H115        3.4490       -2.3490        0.1710 
   1  H116        5.6770       -2.7580        0.9640 
   1  H117        6.3330       -1.7960       -0.3890 
   1  H118        6.3680       -0.6250        1.8910 
   1  H119        4.5890       -0.6190        1.8530 
   1  H120        5.1670        2.5560        0.4410 
   1  H121        4.6890        1.7130        1.9240 
   1  H122        6.6330        2.9840        2.4730 
   1  H123        7.2440        1.3490        2.3640 
   1  H124        7.3460        1.5800       -0.8650 
   1  H125        8.9230        2.3360       -0.7720 
   1  H126        8.7060       -0.6400       -1.6570 
   1  H127       10.1230        0.4240       -1.5670 
   1  H128        9.7470       -2.1410        0.0640 
   1  H129       10.6140       -2.0880       -1.4570 
   1  H130       11.5480       -0.1370        0.6760 
   1  H131       11.7470       -1.8420        1.0170 
   1  H132       12.9930       -2.1970       -1.0820 
   1  H133       13.7790       -1.1140        0.0400 
   1  H134       12.2240       -0.2890       -2.4640 
   1  H135       13.9580       -0.3730       -2.3310 
   1  H136       12.1080        1.5540       -0.8600 
   1  H137       13.1750        1.9380       -2.1880 
   1  H138       13.9360        2.7180        0.0290 
   1  H139       14.1020        1.0810        0.6180 
   1  H140       16.1540        2.4750       -0.2870 
   1  H141       15.6010        2.0200       -1.8910 
   1  H142       16.3130        0.0680        0.3730 
   1  H143       15.8670       -0.4060       -1.2660 
   1  H144       18.2850        1.2990       -0.5110 
   1  H145       17.8460        0.8530       -2.1620 
   1  H146       18.5340       -1.1330        0.0720 
   1  H147       18.0530       -1.5730       -1.5550 
   1  H148       20.0220       -0.5060       -2.5310 
   1  H149       20.4740       -1.7140       -1.3410 
   1  H150       20.5240        1.3190       -0.9660 
   1  H151       21.9050        0.2610       -1.1880 
   1  H152       21.3160       -0.9420        0.9490 
   1  H153       20.0200        0.2180        1.2310 
   1  H154       22.1050        0.7150        2.4920 
   1  H155       22.9920        0.9100        0.9880 
   1  H156       21.5830        2.8540        0.3650 
   1  H157       20.5580        2.5930        1.7820 
   1  H158      -20.0370        1.5380        2.1120 
   1  H159      -21.4880       -0.3320        2.9850 
   1  H160      -22.2510        1.2810        3.0260 
   1  H161      -22.6610        0.1290        1.7200 

